

				1KG21606
301a1	1
302a1	1
303a1	1
304a1	1
305a1	1
306a1	1
307a1	1
308a1	1
309a1	1
310a1	1
311a1	1
312a1	1
313a1	1
314a1	1
315a1	1

				1KG21608
225a1	1

				1KG21609
30a1	1
31a1	1
32a1	1
33a1	1

				1KG21610
211a1	1
212a1	1
213a1	1
214a1	1
215a1	1
216a1	1
217a1	1
218a1	1
219a1	1
220a1	1
221a1	1
222a1	1
223a1	1
224a1	1
225a1	1

				1KG21611
268b1	1

				1KG21614
205a1	1
206a1	1
207a1	1

				1KG21615
287a1	1
288a1	1
289a1	1
290a1	1
291a1	1
292a1	1
293a1	1
294a1	1
295a1	1
296a1	1
297a1	1
298a1	1
299a1	1
300a1	1
301a1	1
302a1	1
303a1	1
304a1	1
305a1	1
306a1	1
307a1	1
308a1	1
309a1	1
310a1	1
311a1	1
312a1	1
313a1	1
314a1	1
315a1	1
316a1	1
317a1	1
318a1	1
319a1	1
320a1	1
321a1	1
322a1	1
323a1	1
324a1	1
325a1	1
326a1	1
327a1	1
328a1	1
329a1	1
330a1	1
331a1	1
332a1	1
333a1	1
334a1	1
335a1	1
336a1	1
337a1	1
338a1	1
339a1	1
340a1	1
341a1	1
342a1	1
343a1	1
344a1	1
345a1	1
346a1	1
347a1	1
348a1	1
349a1	1
350a1	1
351a1	1
352a1	1
353a1	1
354a1	1
355a1	1
356a1	1
357a1	1
358a1	1
359a1	1
360a1	1
361a1	1
362a1	1
363a1	1
364a1	1
365a1	1
366a1	1
367a1	1
368a1	1
369a1	1
370a1	1
371a1	1
372a1	1
373a1	1
374a1	1
375a1	1
376a1	1
377a1	1
378a1	1
379a1	1
380a1	1
381a1	1
382a1	1
383a1	1
384a1	1
385a1	1
386a1	1
387a1	1
388a1	1
389a1	1
390a1	1
391a1	1
392a1	1
393a1	1
394a1	1
395a1	1

				1KG21632
257a1	1
258a1	1
259a1	1
260a1	1
261a1	1
262a1	1
263a1	1
264a1	1
265a1	1
266a1	1
267a1	1
268a1	1
269a1	1
270a1	1

				1KG21637
151a1	1
152a1	1
153a1	1
154a1	1
155a1	1
156a1	1
157a1	1
158a1	1
159a1	1
160a1	1
161a1	1
162a1	1
163a1	1
164a1	1
165a1	1
166a1	1
167a1	1
168a1	1
169a1	1
170a1	1
171a1	1

				1KG21641
1a1	3
2a1	3
3a1	3
4a1	3
5a1	3
6a1	3
7a1	3
8a1	3
9a1	3
10a1	3
11a1	3
12a1	3
13a1	3
14a1	3
15a1	3
16a1	3
17a1	3
18a1	3
19a1	3
20a1	3

				1KG21642
48a6	2
49a1	2
50a1	2
51a1	2
52a1	2
53a1	2
54a1	2
55a1	2
56a1	2
57a1	2
58a1	2
82b4	2
83a1	2
84a1	2

				1KG21648
239a1	1
240a1	1
241a1	1
242a1	1

				1KG21649
150b1	1
150b2	1
150b3	1
151a1	1

				1KG21653
160a1	1
161a1	1
162a1	1

				1KG21659
156	1
157	1
158	1
159	1
160	1
161	1
162	1
163	1
164	1
165	1
166	1
167	1
168	1
169	1
170	1
171	1
172	1
173	1
174	1
175	1
176	1
177	1
178	1
179	1
180	1
181	1
182	1
183	1
184	1
185	1
186	1
187	1
188	1
189	1
190	1
191	1
192	1
193	1
194	1
195	1
196	1
197	1
198	1
199	1
200	1
201	1
202	1
203	1
204	1
205	1
206	1
207	1
208	1
209	1
210	1
211	1
212	1
213	1
214	1
215	1
216	1
217	1
218	1
219	1
220	1
221	1
222	1
223	1
224	1
225	1
226	1
227	1
228	1
229	1
230	1
231	1
232	1
233	1
234	1
235	1
236	1
237	1
238	1
239	1
240	1
241	1
242	1
243	1
244	1
245	1
246	1
247	1
248	1
249	1
250	1
251	1
252	1
253	1
254	1
255	1
256	1
257	1
258	1
259	1
260	1
261	1
262	1
263	1
264	1
265	1
266	1
267	1
268	1
269	1
270	1
271	1
272	1
273	1
274	1
275	1
276	1
277	1
278	1
279	1
280	1
281	1
282	1
283	1
284	1
285	1
286	1

				1KG21660
58	1
59	1
60	1
61	1
62	1
63	1
64	1
65	1
66	1
67	1
68	1
69	1
70	1
71	1
72	1
73	1
74	1
75	1
76	1
77	1
78	1
79	1
80	1
81	1
82	1
83	1
84	1
85	1
86	1
87	1
88	1
89	1
90	1
91	1
92	1
93	1
94	1
95	1
96	1
97	1
98	1
99	1
100	1
101	1
102	1
103	1
104	1
105	1
106	1
107	1
108	1
109	1
110	1
111	1
112	1
113	1
114	1
115	1
116	1
117	1
118	1
119	1
120	1
121	1
122	1
123	1
124	1
125	1
126	1
127	1
128	1
129	1
130	1
131	1
132	1
133	1
134	1
135	1
136	1
137	1
138	1
139	1
140	1
141	1
142	1
143	1
144	1
145	1
146	1
147	1
148	1
149	1
150	1
151	1
152	1
153	1
154	1
155	1
156	1
157	1
158	1
159	1
160	1
161	1
162	1
163	1
164	1
165	1
166	1
167	1
168	1
169	1
170	1
171	1
172	1
173	1
174	1
175	1
176	1
177	1
178	1
179	1
180	1
181	1
182	1
183	1
184	1
185	1
186	1
187	1
188	1
189	1
190	1
191	1
192	1
193	1
194	1
195	1
196	1
197	1
198	1
199	1
200	1
201	1
202	1
203	1
204	1
205	1
206	1
207	1
208	1
209	1
210	1
211	1
212	1
213	1
214	1
215	1
216	1
217	1
218	1
219	1
220	1
221	1
222	1
223	1
224	1
225	1
226	1
227	1
228	1
229	1
230	1
231	1
232	1
233	1
234	1
235	1
236	1
237	1
238	1
239	1
240	1
241	1
242	1
243	1
244	1
245	1
246	1
247	1
248	1
249	1
250	1
251	1
252	1
253	1
254	1
255	1
256	1
257	1
258	1
259	1
260	1
261	1
262	1
263	1
264	1
265	1
266	1
267	1
268	1
269	1
270	1
271	1
272	1
273	1
274	1
275	1
276	1
277	1
278	1
279	1
280	1
281	1
282	1
283	1
284	1
285	1
286	1
287	1
288	1
289	1
290	1
291	1
292	1
293	1
294	1
295	1
296	1
297	1
298	1
299	1
300	1
301	1
302	1
303	1
304	1
305	1
306	1
307	1
308	1
309	1
310	1
311	1
312	1
313	1
314	1
315	1
316	1
317	1
318	1
319	1
320	1
321	1
322	1
323	1
324	1
325	1
326	1
327	1
328	1
329	1
330	1
331	1
332	1
333	1
334	1
335	1
336	1
337	1
338	1
339	1
340	1
341	1
342	1
343	1
344	1
345	1
346	1

				1KG21663
196a1	1
197a1	1
198a1	1
199a1	1
200a1	1
201a1	1
202a1	1
203a1	1
204a1	1
205a1	1
206a1	1
207a1	1
208a1	1
209a1	1
210a1	1

				1KG21661
complete missing

				1KG21662
complete missing
